100
100
100
100
99
30
19
19
19
19
19
38
45
47
100
53
53
53
53
100
53
53
53
53
19
54
19
39
39
66
39
64
39
63
42
33
63
59
75
75
77
77
73
73
73
80
71
72
74
70
73
80
73
80
74
49
80
49
49
65
64
65
65
64
80
49
64
80
62
52
64
65
84
52
52
52
84
52
52
84
55
84
63
54
58
55
59
58
58
54
57
89
90
19
19
19
19
19
19
19
34
31
31
90
85
90
91
91
19
19
52
19
44
19
43
19
19
19
19
19
19
43
19
59
19
19
19
19
77
78
19
87
54
65
56
66
45
90
89
91
90
92
92
81
69
70
71
82
82
85
52
86
86
86
86
90
92
75
19
19
19
19
75
19
19
19
19
19
19
19
19
75
19
19
75
19
19
19
19
19
19
77
19
72
19
19
75
72
78
76
86
86
85
89
86
86
86
88
90
90
72
89
89
91
61
61
53
19
62
61
55
67
82
87
19
76
89
53
54
53
76
77
78
79
62
36
78
78
78
78
78
78
77
77
77
78
77
78
76
76
76
76
77
77
77
73
78
76
78
91
92
90
90
75
77
77
77
77
77
66
76
77
91
78
78
78
77
76
76
77
76
76
77
77
77
19
77
36
31
30
77
77
77
89
89
89
89
91
77
77
76
77
62
43
76
76
77
76
70
76
76
76
77
76
65
65
31
81
19
19
19
19
19
19
19
19
19
19
19
78
52
19
76
76
76
52
52
76
74
74
76
76
90
90
90
90
90
90
90
90
90
90
90
90
90
90
90
90
90
90
66
66
66
64
59
63
60
53
81
82
81
80
81
68
68
87
19
90
76
86
89
76
52
90
80
