99
99
99
99
99
67
74
74
74
74
74
72
74
75
99
77
77
77
77
99
77
77
77
77
74
78
74
70
70
81
70
82
70
80
66
67
81
81
79
79
79
79
88
88
88
80
87
88
88
87
88
80
88
80
88
81
80
81
81
87
86
87
87
86
81
81
86
81
86
84
86
87
81
83
83
83
81
83
83
81
85
81
86
85
83
82
83
83
83
81
83
92
92
74
74
74
74
74
74
74
67
71
71
95
93
95
93
95
74
74
81
74
76
74
75
74
74
74
74
74
74
75
74
84
74
74
74
74
91
91
74
93
85
87
83
87
78
93
93
95
95
95
95
92
89
89
89
92
92
89
81
89
89
89
89
93
95
74
79
74
74
81
89
89
89
89
93
95
74
79
74
74
74
74
79
74
74
74
74
74
74
74
74
79
74
74
79
74
74
74
74
74
74
80
74
80
74
74
79
79
80
79
91
91
94
96
91
91
91
96
96
94
84
95
95
96
86
87
83
74
87
87
84
90
92
95
74
88
92
83
83
83
91
91
91
92
87
71
91
91
91
91
91
91
91
91
91
91
91
91
91
89
89
89
89
89
89
80
80
80
80
96
96
95
95
88
89
89
89
89
89
85
88
88
95
88
88
88
88
88
88
88
88
88
88
88
88
74
88
73
71
71
88
88
88
93
93
93
93
95
90
90
88
88
84
73
91
91
91
91
83
91
91
91
91
91
86
86
75
92
74
74
74
74
74
74
74
74
74
74
74
91
81
74
90
90
90
81
81
91
90
90
91
91
94
94
94
94
94
94
94
94
94
94
94
94
94
94
94
94
94
94
88
88
88
88
86
88
86
79
92
92
92
92
92
81
81
93
74
92
88
91
92
88
81
93
89
