100
100
100
100
99
28
35
35
35
35
35
41
47
50
100
58
58
58
58
100
58
58
58
58
35
60
35
41
41
54
41
55
41
56
37
35
57
58
53
52
53
53
73
73
73
55
73
73
73
68
55
73
55
74
56
55
56
56
70
70
70
70
70
56
56
70
56
68
63
69
70
57
62
62
62
57
62
62
57
68
57
69
67
63
61
63
63
63
60
63
84
84
35
35
35
35
35
35
35
34
34
88
82
88
85
89
35
35
56
35
50
35
49
35
35
35
35
35
35
49
35
62
35
35
35
35
78
79
35
83
67
71
64
71
48
85
85
89
88
89
89
80
74
74
75
81
81
75
75
75
75
75
85
89
35
53
35
35
35
35
53
35
35
35
35
35
35
35
35
53
35
35
53
35
35
35
35
35
35
54
35
55
35
35
54
53
55
54
82
82
87
91
82
82
82
90
91
68
89
89
90
68
69
62
35
69
69
63
78
81
90
35
74
84
62
63
62
79
80
80
81
69
36
81
80
80
80
81
81
78
79
79
79
79
80
79
74
74
74
75
75
75
54
55
54
55
91
90
90
73
75
75
75
75
75
66
73
74
90
74
74
74
74
74
74
74
74
74
74
74
74
35
74
39
33
33
74
74
74
86
86
86
86
89
78
78
73
74
66
42
79
79
79
79
68
78
78
78
79
68
68
40
82
35
35
35
35
35
35
35
35
35
35
35
79
56
35
78
78
78
56
57
79
76
76
79
79
87
87
87
87
87
87
87
87
87
87
87
87
87
87
87
87
87
75
75
75
73
67
73
69
52
82
83
82
81
82
62
62
83
35
84
73
82
84
73
48
85
73
