100
100
100
100
99
15
25
25
25
25
25
32
46
51
100
57
57
57
57
100
57
57
57
57
25
61
25
31
31
45
31
48
31
47
28
24
49
53
44
44
44
44
80
80
80
46
79
80
80
76
46
80
46
80
58
46
58
58
78
78
78
78
78
48
58
78
47
75
69
77
78
48
69
69
69
47
69
69
47
74
47
76
73
68
66
68
69
69
65
69
86
86
24
24
24
24
24
24
25
23
23
87
82
87
86
87
25
25
58
25
43
25
42
25
25
25
25
25
25
42
25
66
25
25
25
25
80
81
25
82
72
79
71
79
39
84
84
87
87
88
88
82
80
80
81
83
83
77
77
77
77
77
84
88
25
44
25
25
25
25
44
25
25
25
25
25
25
25
25
44
25
25
44
25
25
25
25
25
25
46
25
47
25
25
44
44
45
44
82
82
87
92
82
82
82
92
93
68
89
89
90
74
75
65
25
75
75
66
85
83
93
25
78
85
65
66
65
79
80
81
81
75
26
81
81
81
81
81
81
78
78
79
79
78
79
77
74
74
74
75
75
75
45
45
45
45
90
90
90
72
75
75
75
75
75
66
74
75
89
76
76
76
76
74
74
74
74
74
75
75
75
25
74
27
22
22
74
74
74
88
88
88
88
88
81
81
74
74
64
32
78
78
78
78
69
78
78
78
78
70
71
27
83
25
25
25
25
25
25
25
25
25
25
25
79
58
25
78
78
78
58
59
78
75
75
78
78
88
88
88
88
88
88
88
88
88
88
88
88
88
88
88
88
88
80
80
80
77
72
77
72
42
83
83
83
82
83
60
60
82
25
86
76
85
85
75
43
84
74
